{
 "cells": [
  {
   "cell_type": "code",
   "execution_count": 415,
   "metadata": {},
   "outputs": [],
   "source": [
    "import pandas as pd\n",
    "import numpy as np\n",
    "from sklearn.preprocessing import LabelEncoder\n",
    "from sklearn.metrics import confusion_matrix"
   ]
  },
  {
   "cell_type": "code",
   "execution_count": 366,
   "metadata": {},
   "outputs": [],
   "source": [
    "df=pd.read_csv(\"C:\\\\Users\\\\HP\\\\Downloads\\\\uci-census-income\\\\adults_train.csv\")\n",
    "test=pd.read_csv(\"C:\\\\Users\\\\HP\\\\Downloads\\\\uci-census-income\\\\adults_test.csv\")"
   ]
  },
  {
   "cell_type": "code",
   "execution_count": 369,
   "metadata": {},
   "outputs": [],
   "source": [
    "df=df[df['Work Class ']!=' ?']\n",
    "df=df[df['Occupation']!=' ?']\n",
    "df=df[df['Native Country']!=' ?']\n",
    "for i in range(len(df)):\n",
    "    if df.iloc[i,13] not in [' United-States',' Mexico']:\n",
    "        df.iloc[i,13]='Other Country'\n",
    "for i in range(len(df)):\n",
    "    if df.iloc[i,3] in [' 1st-4th',' Preschool',' 5th-6th',' 10th', ' 12th',' 11th', ' 7th-8th',' 9th']:\n",
    "        df.iloc[i,3]='12th and below'\n",
    "for i in range(len(df)):\n",
    "    if df.iloc[i,1] not in [' Private']:\n",
    "        df.iloc[i,1]=' Not Private'\n",
    "for i in range(len(df)):\n",
    "    if df.iloc[i,5]  in [' Married-spouse-absent',' Separated',' Married-AF-spouse',' Widowed']:\n",
    "        df.iloc[i,5]=' Other'\n",
    "for i in range(len(df)):\n",
    "    if df.iloc[i,6]  in [' Protective-serv',' Armed-Forces',' Priv-house-serv']:\n",
    "        df.iloc[i,6]=' Servants'"
   ]
  },
  {
   "cell_type": "code",
   "execution_count": 370,
   "metadata": {},
   "outputs": [],
   "source": [
    "le1=LabelEncoder()\n",
    "le2=LabelEncoder()\n",
    "le3=LabelEncoder()\n",
    "le4=LabelEncoder()\n",
    "le5=LabelEncoder()\n",
    "le6=LabelEncoder()\n",
    "le7=LabelEncoder()\n",
    "le8=LabelEncoder()\n",
    "le9=LabelEncoder()\n",
    "le10=LabelEncoder()\n",
    "df['Work Class ']=le1.fit_transform(df['Work Class '])\n",
    "df['Education']=le2.fit_transform(df['Education'])\n",
    "df['Marital Status']=le3.fit_transform(df['Marital Status'])\n",
    "df['Occupation']=le4.fit_transform(df['Occupation'])\n",
    "df['Education']=le5.fit_transform(df['Education'])\n",
    "df['Relationship']=le6.fit_transform(df['Relationship'])\n",
    "df['Race']=le7.fit_transform(df['Race'])\n",
    "df['Sex']=le8.fit_transform(df['Sex'])\n",
    "df['Native Country']=le9.fit_transform(df['Native Country'])\n",
    "df['Income']=le10.fit_transform(df['Income'])"
   ]
  },
  {
   "cell_type": "code",
   "execution_count": 371,
   "metadata": {},
   "outputs": [
    {
     "data": {
      "text/html": [
       "<div>\n",
       "<style scoped>\n",
       "    .dataframe tbody tr th:only-of-type {\n",
       "        vertical-align: middle;\n",
       "    }\n",
       "\n",
       "    .dataframe tbody tr th {\n",
       "        vertical-align: top;\n",
       "    }\n",
       "\n",
       "    .dataframe thead th {\n",
       "        text-align: right;\n",
       "    }\n",
       "</style>\n",
       "<table border=\"1\" class=\"dataframe\">\n",
       "  <thead>\n",
       "    <tr style=\"text-align: right;\">\n",
       "      <th></th>\n",
       "      <th>Age</th>\n",
       "      <th>Work Class</th>\n",
       "      <th>fnlwgt</th>\n",
       "      <th>Education</th>\n",
       "      <th>Education num</th>\n",
       "      <th>Marital Status</th>\n",
       "      <th>Occupation</th>\n",
       "      <th>Relationship</th>\n",
       "      <th>Race</th>\n",
       "      <th>Sex</th>\n",
       "      <th>Capital Gain</th>\n",
       "      <th>Capital Loss</th>\n",
       "      <th>Hours Per Week</th>\n",
       "      <th>Native Country</th>\n",
       "      <th>Income</th>\n",
       "    </tr>\n",
       "  </thead>\n",
       "  <tbody>\n",
       "    <tr>\n",
       "      <th>Age</th>\n",
       "      <td>1.000000</td>\n",
       "      <td>-0.210491</td>\n",
       "      <td>-0.076511</td>\n",
       "      <td>-0.039716</td>\n",
       "      <td>0.043526</td>\n",
       "      <td>-0.254936</td>\n",
       "      <td>-0.012280</td>\n",
       "      <td>-0.246456</td>\n",
       "      <td>0.023374</td>\n",
       "      <td>0.081993</td>\n",
       "      <td>0.080154</td>\n",
       "      <td>0.060165</td>\n",
       "      <td>0.101599</td>\n",
       "      <td>0.039511</td>\n",
       "      <td>0.241998</td>\n",
       "    </tr>\n",
       "    <tr>\n",
       "      <th>Work Class</th>\n",
       "      <td>-0.210491</td>\n",
       "      <td>1.000000</td>\n",
       "      <td>0.046589</td>\n",
       "      <td>0.058257</td>\n",
       "      <td>-0.165069</td>\n",
       "      <td>0.085511</td>\n",
       "      <td>-0.008662</td>\n",
       "      <td>0.087619</td>\n",
       "      <td>0.003045</td>\n",
       "      <td>-0.066803</td>\n",
       "      <td>-0.048185</td>\n",
       "      <td>-0.036377</td>\n",
       "      <td>-0.095533</td>\n",
       "      <td>-0.004509</td>\n",
       "      <td>-0.117218</td>\n",
       "    </tr>\n",
       "    <tr>\n",
       "      <th>fnlwgt</th>\n",
       "      <td>-0.076511</td>\n",
       "      <td>0.046589</td>\n",
       "      <td>1.000000</td>\n",
       "      <td>0.025333</td>\n",
       "      <td>-0.044992</td>\n",
       "      <td>0.034241</td>\n",
       "      <td>0.002277</td>\n",
       "      <td>0.009298</td>\n",
       "      <td>-0.023895</td>\n",
       "      <td>0.025362</td>\n",
       "      <td>0.000422</td>\n",
       "      <td>-0.009750</td>\n",
       "      <td>-0.022886</td>\n",
       "      <td>-0.050880</td>\n",
       "      <td>-0.008957</td>\n",
       "    </tr>\n",
       "    <tr>\n",
       "      <th>Education</th>\n",
       "      <td>-0.039716</td>\n",
       "      <td>0.058257</td>\n",
       "      <td>0.025333</td>\n",
       "      <td>1.000000</td>\n",
       "      <td>-0.568206</td>\n",
       "      <td>0.063278</td>\n",
       "      <td>-0.008044</td>\n",
       "      <td>0.067874</td>\n",
       "      <td>-0.022503</td>\n",
       "      <td>-0.010982</td>\n",
       "      <td>-0.026687</td>\n",
       "      <td>-0.031103</td>\n",
       "      <td>-0.124274</td>\n",
       "      <td>-0.046193</td>\n",
       "      <td>-0.158289</td>\n",
       "    </tr>\n",
       "    <tr>\n",
       "      <th>Education num</th>\n",
       "      <td>0.043526</td>\n",
       "      <td>-0.165069</td>\n",
       "      <td>-0.044992</td>\n",
       "      <td>-0.568206</td>\n",
       "      <td>1.000000</td>\n",
       "      <td>-0.073244</td>\n",
       "      <td>0.059118</td>\n",
       "      <td>-0.091935</td>\n",
       "      <td>0.032805</td>\n",
       "      <td>0.006157</td>\n",
       "      <td>0.124416</td>\n",
       "      <td>0.079646</td>\n",
       "      <td>0.152522</td>\n",
       "      <td>0.091703</td>\n",
       "      <td>0.335286</td>\n",
       "    </tr>\n",
       "    <tr>\n",
       "      <th>Marital Status</th>\n",
       "      <td>-0.254936</td>\n",
       "      <td>0.085511</td>\n",
       "      <td>0.034241</td>\n",
       "      <td>0.063278</td>\n",
       "      <td>-0.073244</td>\n",
       "      <td>1.000000</td>\n",
       "      <td>0.027607</td>\n",
       "      <td>0.194210</td>\n",
       "      <td>-0.080597</td>\n",
       "      <td>-0.134194</td>\n",
       "      <td>-0.042574</td>\n",
       "      <td>-0.036862</td>\n",
       "      <td>-0.180100</td>\n",
       "      <td>0.013914</td>\n",
       "      <td>-0.196538</td>\n",
       "    </tr>\n",
       "    <tr>\n",
       "      <th>Occupation</th>\n",
       "      <td>-0.012280</td>\n",
       "      <td>-0.008662</td>\n",
       "      <td>0.002277</td>\n",
       "      <td>-0.008044</td>\n",
       "      <td>0.059118</td>\n",
       "      <td>0.027607</td>\n",
       "      <td>1.000000</td>\n",
       "      <td>-0.035405</td>\n",
       "      <td>-0.011479</td>\n",
       "      <td>0.043696</td>\n",
       "      <td>0.014189</td>\n",
       "      <td>0.008114</td>\n",
       "      <td>0.002238</td>\n",
       "      <td>0.009744</td>\n",
       "      <td>0.028871</td>\n",
       "    </tr>\n",
       "    <tr>\n",
       "      <th>Relationship</th>\n",
       "      <td>-0.246456</td>\n",
       "      <td>0.087619</td>\n",
       "      <td>0.009298</td>\n",
       "      <td>0.067874</td>\n",
       "      <td>-0.091935</td>\n",
       "      <td>0.194210</td>\n",
       "      <td>-0.035405</td>\n",
       "      <td>1.000000</td>\n",
       "      <td>-0.117143</td>\n",
       "      <td>-0.584876</td>\n",
       "      <td>-0.058259</td>\n",
       "      <td>-0.063567</td>\n",
       "      <td>-0.257850</td>\n",
       "      <td>0.020876</td>\n",
       "      <td>-0.251003</td>\n",
       "    </tr>\n",
       "    <tr>\n",
       "      <th>Race</th>\n",
       "      <td>0.023374</td>\n",
       "      <td>0.003045</td>\n",
       "      <td>-0.023895</td>\n",
       "      <td>-0.022503</td>\n",
       "      <td>0.032805</td>\n",
       "      <td>-0.080597</td>\n",
       "      <td>-0.011479</td>\n",
       "      <td>-0.117143</td>\n",
       "      <td>1.000000</td>\n",
       "      <td>0.089186</td>\n",
       "      <td>0.014353</td>\n",
       "      <td>0.023517</td>\n",
       "      <td>0.048532</td>\n",
       "      <td>-0.243447</td>\n",
       "      <td>0.071658</td>\n",
       "    </tr>\n",
       "    <tr>\n",
       "      <th>Sex</th>\n",
       "      <td>0.081993</td>\n",
       "      <td>-0.066803</td>\n",
       "      <td>0.025362</td>\n",
       "      <td>-0.010982</td>\n",
       "      <td>0.006157</td>\n",
       "      <td>-0.134194</td>\n",
       "      <td>0.043696</td>\n",
       "      <td>-0.584876</td>\n",
       "      <td>0.089186</td>\n",
       "      <td>1.000000</td>\n",
       "      <td>0.048814</td>\n",
       "      <td>0.047011</td>\n",
       "      <td>0.231268</td>\n",
       "      <td>-0.030852</td>\n",
       "      <td>0.216699</td>\n",
       "    </tr>\n",
       "    <tr>\n",
       "      <th>Capital Gain</th>\n",
       "      <td>0.080154</td>\n",
       "      <td>-0.048185</td>\n",
       "      <td>0.000422</td>\n",
       "      <td>-0.026687</td>\n",
       "      <td>0.124416</td>\n",
       "      <td>-0.042574</td>\n",
       "      <td>0.014189</td>\n",
       "      <td>-0.058259</td>\n",
       "      <td>0.014353</td>\n",
       "      <td>0.048814</td>\n",
       "      <td>1.000000</td>\n",
       "      <td>-0.032229</td>\n",
       "      <td>0.080432</td>\n",
       "      <td>0.001684</td>\n",
       "      <td>0.221196</td>\n",
       "    </tr>\n",
       "    <tr>\n",
       "      <th>Capital Loss</th>\n",
       "      <td>0.060165</td>\n",
       "      <td>-0.036377</td>\n",
       "      <td>-0.009750</td>\n",
       "      <td>-0.031103</td>\n",
       "      <td>0.079646</td>\n",
       "      <td>-0.036862</td>\n",
       "      <td>0.008114</td>\n",
       "      <td>-0.063567</td>\n",
       "      <td>0.023517</td>\n",
       "      <td>0.047011</td>\n",
       "      <td>-0.032229</td>\n",
       "      <td>1.000000</td>\n",
       "      <td>0.052417</td>\n",
       "      <td>0.006876</td>\n",
       "      <td>0.150053</td>\n",
       "    </tr>\n",
       "    <tr>\n",
       "      <th>Hours Per Week</th>\n",
       "      <td>0.101599</td>\n",
       "      <td>-0.095533</td>\n",
       "      <td>-0.022886</td>\n",
       "      <td>-0.124274</td>\n",
       "      <td>0.152522</td>\n",
       "      <td>-0.180100</td>\n",
       "      <td>0.002238</td>\n",
       "      <td>-0.257850</td>\n",
       "      <td>0.048532</td>\n",
       "      <td>0.231268</td>\n",
       "      <td>0.080432</td>\n",
       "      <td>0.052417</td>\n",
       "      <td>1.000000</td>\n",
       "      <td>-0.006282</td>\n",
       "      <td>0.229480</td>\n",
       "    </tr>\n",
       "    <tr>\n",
       "      <th>Native Country</th>\n",
       "      <td>0.039511</td>\n",
       "      <td>-0.004509</td>\n",
       "      <td>-0.050880</td>\n",
       "      <td>-0.046193</td>\n",
       "      <td>0.091703</td>\n",
       "      <td>0.013914</td>\n",
       "      <td>0.009744</td>\n",
       "      <td>0.020876</td>\n",
       "      <td>-0.243447</td>\n",
       "      <td>-0.030852</td>\n",
       "      <td>0.001684</td>\n",
       "      <td>0.006876</td>\n",
       "      <td>-0.006282</td>\n",
       "      <td>1.000000</td>\n",
       "      <td>0.023304</td>\n",
       "    </tr>\n",
       "    <tr>\n",
       "      <th>Income</th>\n",
       "      <td>0.241998</td>\n",
       "      <td>-0.117218</td>\n",
       "      <td>-0.008957</td>\n",
       "      <td>-0.158289</td>\n",
       "      <td>0.335286</td>\n",
       "      <td>-0.196538</td>\n",
       "      <td>0.028871</td>\n",
       "      <td>-0.251003</td>\n",
       "      <td>0.071658</td>\n",
       "      <td>0.216699</td>\n",
       "      <td>0.221196</td>\n",
       "      <td>0.150053</td>\n",
       "      <td>0.229480</td>\n",
       "      <td>0.023304</td>\n",
       "      <td>1.000000</td>\n",
       "    </tr>\n",
       "  </tbody>\n",
       "</table>\n",
       "</div>"
      ],
      "text/plain": [
       "                     Age  Work Class     fnlwgt  Education  Education num  \\\n",
       "Age             1.000000    -0.210491 -0.076511  -0.039716       0.043526   \n",
       "Work Class     -0.210491     1.000000  0.046589   0.058257      -0.165069   \n",
       "fnlwgt         -0.076511     0.046589  1.000000   0.025333      -0.044992   \n",
       "Education      -0.039716     0.058257  0.025333   1.000000      -0.568206   \n",
       "Education num   0.043526    -0.165069 -0.044992  -0.568206       1.000000   \n",
       "Marital Status -0.254936     0.085511  0.034241   0.063278      -0.073244   \n",
       "Occupation     -0.012280    -0.008662  0.002277  -0.008044       0.059118   \n",
       "Relationship   -0.246456     0.087619  0.009298   0.067874      -0.091935   \n",
       "Race            0.023374     0.003045 -0.023895  -0.022503       0.032805   \n",
       "Sex             0.081993    -0.066803  0.025362  -0.010982       0.006157   \n",
       "Capital Gain    0.080154    -0.048185  0.000422  -0.026687       0.124416   \n",
       "Capital Loss    0.060165    -0.036377 -0.009750  -0.031103       0.079646   \n",
       "Hours Per Week  0.101599    -0.095533 -0.022886  -0.124274       0.152522   \n",
       "Native Country  0.039511    -0.004509 -0.050880  -0.046193       0.091703   \n",
       "Income          0.241998    -0.117218 -0.008957  -0.158289       0.335286   \n",
       "\n",
       "                Marital Status  Occupation  Relationship      Race       Sex  \\\n",
       "Age                  -0.254936   -0.012280     -0.246456  0.023374  0.081993   \n",
       "Work Class            0.085511   -0.008662      0.087619  0.003045 -0.066803   \n",
       "fnlwgt                0.034241    0.002277      0.009298 -0.023895  0.025362   \n",
       "Education             0.063278   -0.008044      0.067874 -0.022503 -0.010982   \n",
       "Education num        -0.073244    0.059118     -0.091935  0.032805  0.006157   \n",
       "Marital Status        1.000000    0.027607      0.194210 -0.080597 -0.134194   \n",
       "Occupation            0.027607    1.000000     -0.035405 -0.011479  0.043696   \n",
       "Relationship          0.194210   -0.035405      1.000000 -0.117143 -0.584876   \n",
       "Race                 -0.080597   -0.011479     -0.117143  1.000000  0.089186   \n",
       "Sex                  -0.134194    0.043696     -0.584876  0.089186  1.000000   \n",
       "Capital Gain         -0.042574    0.014189     -0.058259  0.014353  0.048814   \n",
       "Capital Loss         -0.036862    0.008114     -0.063567  0.023517  0.047011   \n",
       "Hours Per Week       -0.180100    0.002238     -0.257850  0.048532  0.231268   \n",
       "Native Country        0.013914    0.009744      0.020876 -0.243447 -0.030852   \n",
       "Income               -0.196538    0.028871     -0.251003  0.071658  0.216699   \n",
       "\n",
       "                Capital Gain  Capital Loss  Hours Per Week  Native Country  \\\n",
       "Age                 0.080154      0.060165        0.101599        0.039511   \n",
       "Work Class         -0.048185     -0.036377       -0.095533       -0.004509   \n",
       "fnlwgt              0.000422     -0.009750       -0.022886       -0.050880   \n",
       "Education          -0.026687     -0.031103       -0.124274       -0.046193   \n",
       "Education num       0.124416      0.079646        0.152522        0.091703   \n",
       "Marital Status     -0.042574     -0.036862       -0.180100        0.013914   \n",
       "Occupation          0.014189      0.008114        0.002238        0.009744   \n",
       "Relationship       -0.058259     -0.063567       -0.257850        0.020876   \n",
       "Race                0.014353      0.023517        0.048532       -0.243447   \n",
       "Sex                 0.048814      0.047011        0.231268       -0.030852   \n",
       "Capital Gain        1.000000     -0.032229        0.080432        0.001684   \n",
       "Capital Loss       -0.032229      1.000000        0.052417        0.006876   \n",
       "Hours Per Week      0.080432      0.052417        1.000000       -0.006282   \n",
       "Native Country      0.001684      0.006876       -0.006282        1.000000   \n",
       "Income              0.221196      0.150053        0.229480        0.023304   \n",
       "\n",
       "                  Income  \n",
       "Age             0.241998  \n",
       "Work Class     -0.117218  \n",
       "fnlwgt         -0.008957  \n",
       "Education      -0.158289  \n",
       "Education num   0.335286  \n",
       "Marital Status -0.196538  \n",
       "Occupation      0.028871  \n",
       "Relationship   -0.251003  \n",
       "Race            0.071658  \n",
       "Sex             0.216699  \n",
       "Capital Gain    0.221196  \n",
       "Capital Loss    0.150053  \n",
       "Hours Per Week  0.229480  \n",
       "Native Country  0.023304  \n",
       "Income          1.000000  "
      ]
     },
     "execution_count": 371,
     "metadata": {},
     "output_type": "execute_result"
    }
   ],
   "source": [
    "df.corr()"
   ]
  },
  {
   "cell_type": "code",
   "execution_count": 398,
   "metadata": {},
   "outputs": [],
   "source": [
    "df=pd.read_csv(\"C:\\\\Users\\\\HP\\\\Downloads\\\\uci-census-income\\\\adults_train.csv\")\n",
    "test=pd.read_csv(\"C:\\\\Users\\\\HP\\\\Downloads\\\\uci-census-income\\\\adults_test.csv\")\n"
   ]
  },
  {
   "cell_type": "code",
   "execution_count": 399,
   "metadata": {},
   "outputs": [],
   "source": [
    "df=df[df['Work Class ']!=' ?']\n",
    "df=df[df['Occupation']!=' ?']\n",
    "df=df[df['Native Country']!=' ?']\n",
    "for i in range(len(df)):\n",
    "    if df.iloc[i,13] not in [' United-States',' Mexico']:\n",
    "        df.iloc[i,13]='Other Country'\n",
    "for i in range(len(df)):\n",
    "    if df.iloc[i,3] in [' 1st-4th',' Preschool',' 5th-6th',' 10th', ' 12th',' 11th', ' 7th-8th',' 9th']:\n",
    "        df.iloc[i,3]='12th and below'\n",
    "for i in range(len(df)):\n",
    "    if df.iloc[i,1] not in [' Private']:\n",
    "        df.iloc[i,1]=' Not Private'\n",
    "for i in range(len(df)):\n",
    "    if df.iloc[i,5]  in [' Married-spouse-absent',' Separated',' Married-AF-spouse',' Widowed']:\n",
    "        df.iloc[i,5]=' Other'\n",
    "for i in range(len(df)):\n",
    "    if df.iloc[i,6]  in [' Protective-serv',' Armed-Forces',' Priv-house-serv']:\n",
    "        df.iloc[i,6]=' Servants'\n",
    "test=test[test['Work Class ']!=' ?']\n",
    "test=test[test['Occupation']!=' ?']\n",
    "test=test[test['Native Country']!=' ?']\n",
    "for i in range(len(test)):\n",
    "    if test.iloc[i,13] not in [' United-States',' Mexico']:\n",
    "        test.iloc[i,13]='Other Country'\n",
    "for i in range(len(test)):\n",
    "    if test.iloc[i,3] in [' 1st-4th',' Preschool',' 5th-6th',' 10th', ' 12th',' 11th', ' 7th-8th',' 9th']:\n",
    "        test.iloc[i,3]='12th and below'\n",
    "for i in range(len(test)):\n",
    "    if test.iloc[i,1] not in [' Private']:\n",
    "        test.iloc[i,1]=' Not Private'\n",
    "for i in range(len(test)):\n",
    "    if test.iloc[i,5]  in [' Married-spouse-absent',' Separated',' Married-AF-spouse',' Widowed']:\n",
    "        test.iloc[i,5]=' Other'\n",
    "for i in range(len(test)):\n",
    "    if test.iloc[i,6]  in [' Protective-serv',' Armed-Forces',' Priv-house-serv']:\n",
    "        test.iloc[i,6]=' Servants'"
   ]
  },
  {
   "cell_type": "code",
   "execution_count": 400,
   "metadata": {},
   "outputs": [],
   "source": [
    "for i in range(len(test)):\n",
    "    if test.iloc[i,14]==' <=50K.':\n",
    "            test.iloc[i,14]=' <=50K'\n",
    "    if test.iloc[i,14]==' >50K.':\n",
    "            test.iloc[i,14]=' >50K'"
   ]
  },
  {
   "cell_type": "code",
   "execution_count": 401,
   "metadata": {},
   "outputs": [],
   "source": [
    "df=df.drop(columns=['fnlwgt','Occupation','Native Country','Race'])\n",
    "df=pd.get_dummies(data=df,columns=['Work Class ','Education','Marital Status','Relationship','Sex'],drop_first=True)\n",
    "test=test.dropna(axis=0)\n",
    "test=test.drop(columns=['fnlwgt','Occupation','Native Country','Race'])\n",
    "test=pd.get_dummies(data=test,columns=['Work Class ','Education','Marital Status','Relationship','Sex'],drop_first=True)"
   ]
  },
  {
   "cell_type": "code",
   "execution_count": 402,
   "metadata": {},
   "outputs": [],
   "source": [
    "le11=LabelEncoder()\n",
    "df['Income']=le11.fit_transform(df['Income'])"
   ]
  },
  {
   "cell_type": "code",
   "execution_count": 403,
   "metadata": {},
   "outputs": [],
   "source": [
    "test['Income']=le11.transform(test['Income'])"
   ]
  },
  {
   "cell_type": "code",
   "execution_count": 404,
   "metadata": {},
   "outputs": [],
   "source": [
    "df=df[['Age', 'Education num', 'Capital Gain', 'Capital Loss',\n",
    "       'Hours Per Week', 'Work Class _ Private',\n",
    "       'Education_ Assoc-voc', 'Education_ Bachelors', 'Education_ Doctorate',\n",
    "       'Education_ HS-grad', 'Education_ Masters', 'Education_ Prof-school',\n",
    "       'Education_ Some-college', 'Education_12th and below',\n",
    "       'Marital Status_ Married-civ-spouse', 'Marital Status_ Never-married',\n",
    "       'Marital Status_ Other', 'Relationship_ Not-in-family',\n",
    "       'Relationship_ Other-relative', 'Relationship_ Own-child',\n",
    "       'Relationship_ Unmarried', 'Relationship_ Wife', 'Sex_ Male','Income']]\n"
   ]
  },
  {
   "cell_type": "code",
   "execution_count": 405,
   "metadata": {},
   "outputs": [],
   "source": [
    "test=test[['Age', 'Education num', 'Capital Gain', 'Capital Loss',\n",
    "       'Hours Per Week', 'Work Class _ Private',\n",
    "       'Education_ Assoc-voc', 'Education_ Bachelors', 'Education_ Doctorate',\n",
    "       'Education_ HS-grad', 'Education_ Masters', 'Education_ Prof-school',\n",
    "       'Education_ Some-college', 'Education_12th and below',\n",
    "       'Marital Status_ Married-civ-spouse', 'Marital Status_ Never-married',\n",
    "       'Marital Status_ Other', 'Relationship_ Not-in-family',\n",
    "       'Relationship_ Other-relative', 'Relationship_ Own-child',\n",
    "       'Relationship_ Unmarried', 'Relationship_ Wife', 'Sex_ Male','Income']]"
   ]
  },
  {
   "cell_type": "code",
   "execution_count": 406,
   "metadata": {},
   "outputs": [],
   "source": [
    "Xtrain=df.iloc[:,:-1]\n",
    "ytrain=df.iloc[:,-1]\n",
    "Xtest=test.iloc[:,:-1]\n",
    "ytest=test.iloc[:,-1]"
   ]
  },
  {
   "cell_type": "code",
   "execution_count": 408,
   "metadata": {},
   "outputs": [],
   "source": [
    "from xgboost import XGBClassifier"
   ]
  },
  {
   "cell_type": "code",
   "execution_count": 409,
   "metadata": {},
   "outputs": [],
   "source": [
    "xgb=XGBClassifier()"
   ]
  },
  {
   "cell_type": "code",
   "execution_count": 410,
   "metadata": {},
   "outputs": [
    {
     "data": {
      "text/plain": [
       "XGBClassifier(base_score=0.5, booster='gbtree', colsample_bylevel=1,\n",
       "              colsample_bynode=1, colsample_bytree=1, gamma=0, gpu_id=-1,\n",
       "              importance_type='gain', interaction_constraints='',\n",
       "              learning_rate=0.300000012, max_delta_step=0, max_depth=6,\n",
       "              min_child_weight=1, missing=nan, monotone_constraints='()',\n",
       "              n_estimators=100, n_jobs=0, num_parallel_tree=1, random_state=0,\n",
       "              reg_alpha=0, reg_lambda=1, scale_pos_weight=1, subsample=1,\n",
       "              tree_method='exact', validate_parameters=1, verbosity=None)"
      ]
     },
     "execution_count": 410,
     "metadata": {},
     "output_type": "execute_result"
    }
   ],
   "source": [
    "xgb.fit(Xtrain,ytrain)"
   ]
  },
  {
   "cell_type": "code",
   "execution_count": 414,
   "metadata": {},
   "outputs": [],
   "source": [
    "ypred=xgb.predict(Xtest)"
   ]
  },
  {
   "cell_type": "code",
   "execution_count": 416,
   "metadata": {},
   "outputs": [
    {
     "data": {
      "text/plain": [
       "array([[2519,  166],\n",
       "       [ 334,  535]], dtype=int64)"
      ]
     },
     "execution_count": 416,
     "metadata": {},
     "output_type": "execute_result"
    }
   ],
   "source": [
    "confusion_matrix(ytest,ypred)"
   ]
  },
  {
   "cell_type": "code",
   "execution_count": 419,
   "metadata": {},
   "outputs": [
    {
     "data": {
      "text/plain": [
       "0.859313449634215"
      ]
     },
     "execution_count": 419,
     "metadata": {},
     "output_type": "execute_result"
    }
   ],
   "source": [
    "accuracy_score(ytest,ypred)"
   ]
  },
  {
   "cell_type": "code",
   "execution_count": null,
   "metadata": {},
   "outputs": [],
   "source": []
  }
 ],
 "metadata": {
  "kernelspec": {
   "display_name": "Python 3",
   "language": "python",
   "name": "python3"
  },
  "language_info": {
   "codemirror_mode": {
    "name": "ipython",
    "version": 3
   },
   "file_extension": ".py",
   "mimetype": "text/x-python",
   "name": "python",
   "nbconvert_exporter": "python",
   "pygments_lexer": "ipython3",
   "version": "3.8.3"
  }
 },
 "nbformat": 4,
 "nbformat_minor": 4
}
